3.559856489878782115e-01 1.300000000000000000e+01
6.031648866026231293e-01 3.300000000000000000e+01
8.579160745827347778e-01 7.900000000000000000e+01
1.113464310595710716e+00 1.170000000000000000e+02
1.374039914321364408e+00 2.050000000000000000e+02
1.619154704570298309e+00 2.350000000000000000e+02
1.870686673430271840e+00 3.690000000000000000e+02
2.123290040706380832e+00 4.330000000000000000e+02
2.378144976376236119e+00 5.850000000000000000e+02
2.630489925835516996e+00 6.790000000000000000e+02
2.878653162679494670e+00 8.130000000000000000e+02
3.131144366275339319e+00 9.850000000000000000e+02
3.388159578333816313e+00 1.183000000000000000e+03
3.638741848210948149e+00 1.269000000000000000e+03
3.888315910732085268e+00 1.537000000000000000e+03
4.139052155837465996e+00 1.653000000000000000e+03
4.390305777018236988e+00 1.963000000000000000e+03
4.642172339120373081e+00 2.121000000000000000e+03
4.894678666149941293e+00 2.413000000000000000e+03
5.147269052361176378e+00 2.635000000000000000e+03
5.398003206656323272e+00 2.877000000000000000e+03
5.647798235368590269e+00 3.169000000000000000e+03
5.900534302989873581e+00 3.507000000000000000e+03
6.151460297009074374e+00 3.685000000000000000e+03
6.402630176204441526e+00 4.165000000000000000e+03
6.655964674748322096e+00 4.377000000000000000e+03
6.908782583105771202e+00 4.855000000000000000e+03
7.159060853508338873e+00 4.929000000000000000e+03
7.409414762591408632e+00 5.581000000000000000e+03
7.659227149364629561e+00 5.679000000000000000e+03
7.911559474606142395e+00 6.385000000000000000e+03
8.163750941790897997e+00 6.553000000000000000e+03
8.415757210439384295e+00 7.125000000000000000e+03
8.667638839289207198e+00 7.447000000000000000e+03
8.918801124864609520e+00 7.929000000000000000e+03
9.170480108345369530e+00 8.353000000000000000e+03
9.420566033467249412e+00 8.775000000000000000e+03
9.671642335271435797e+00 9.313000000000000000e+03
9.923426157758477473e+00 9.841000000000000000e+03
1.017396902749181820e+01 1.019100000000000000e+04
1.042533700753922155e+01 1.089700000000000000e+04
1.067702948358784276e+01 1.130100000000000000e+04
1.092969337256462303e+01 1.202500000000000000e+04
1.118211872033766419e+01 1.242300000000000000e+04
1.143346516925797296e+01 1.302100000000000000e+04
1.168350508557724687e+01 1.340500000000000000e+04
1.193379937775929100e+01 1.424700000000000000e+04
1.218553055762879112e+01 1.471300000000000000e+04
1.243711650801278878e+01 1.548900000000000000e+04
1.268867268647359303e+01 1.591300000000000000e+04
1.294075027177769144e+01 1.687900000000000000e+04
1.319267287020158363e+01 1.719300000000000000e+04
1.344470571782862756e+01 1.815700000000000000e+04
1.369480150283709641e+01 1.833900000000000000e+04
1.394591277066507828e+01 1.957300000000000000e+04
1.419764645764527167e+01 1.994100000000000000e+04
1.444766774168416212e+01 2.062900000000000000e+04
1.469906835825429070e+01 2.165500000000000000e+04
1.495059118111036511e+01 2.211300000000000000e+04
1.520261612590052991e+01 2.318500000000000000e+04
1.545415944503929495e+01 2.366700000000000000e+04
1.570456072545780124e+01 2.438500000000000000e+04
1.595705800128773966e+01 2.574900000000000000e+04
1.620829297830731619e+01 2.567500000000000000e+04
1.645966591028190962e+01 2.740900000000000000e+04
1.671125708846596325e+01 2.740500000000000000e+04
1.696160259490052624e+01 2.871700000000000000e+04
1.721370276108077135e+01 2.959500000000000000e+04
1.746543424102250341e+01 3.030100000000000000e+04
1.771598473288305442e+01 3.110100000000000000e+04
1.796653767411944003e+01 3.202300000000000000e+04
1.821765658501893270e+01 3.297700000000000000e+04
1.847053788120423334e+01 3.444900000000000000e+04
1.872257696809484173e+01 3.454900000000000000e+04
1.897394097105746269e+01 3.611100000000000000e+04
1.922542454726159988e+01 3.654100000000000000e+04
1.947607703355479103e+01 3.771700000000000000e+04
1.972678839839982601e+01 3.861900000000000000e+04
1.997802698857814363e+01 3.966100000000000000e+04
2.022863620534168660e+01 4.054500000000000000e+04
2.047969598507238231e+01 4.181500000000000000e+04
2.073250439107362553e+01 4.312500000000000000e+04
2.098435855211640089e+01 4.368100000000000000e+04
2.123502923393334640e+01 4.462900000000000000e+04
2.148629411178690773e+01 4.622700000000000000e+04
2.173831825513516591e+01 4.690900000000000000e+04
2.198972260956887226e+01 4.823700000000000000e+04
2.223974971000711420e+01 4.858300000000000000e+04
2.249141870643862973e+01 5.099700000000000000e+04
2.274404614890906373e+01 5.139700000000000000e+04
2.299521835768831579e+01 5.248900000000000000e+04
2.324620084136223852e+01 5.378700000000000000e+04
2.349757798664387209e+01 5.491300000000000000e+04
2.374870488118759937e+01 5.597700000000000000e+04
2.399988781917473091e+01 5.741500000000000000e+04
2.425071646049711305e+01 5.810500000000000000e+04
2.450187830577813841e+01 6.003300000000000000e+04
2.475391093216606109e+01 6.094900000000000000e+04
2.500524226975159792e+01 6.223500000000000000e+04
2.525610980153284402e+01 6.322900000000000000e+04
2.550801425092822328e+01 6.513300000000000000e+04
2.575943113325822864e+01 6.570700000000000000e+04
2.601074166866445125e+01 6.756100000000000000e+04
2.626234447079615464e+01 6.850500000000000000e+04
2.651347712943701751e+01 6.994300000000000000e+04
2.676474177984877656e+01 7.109700000000000000e+04
2.701628079430242479e+01 7.302100000000000000e+04
2.726734205837282232e+01 7.331700000000000000e+04
2.751837013544679422e+01 7.579900000000000000e+04
2.776937726815812724e+01 7.602100000000000000e+04
2.802070160973895341e+01 7.875300000000000000e+04
2.827249982643487058e+01 7.929100000000000000e+04
2.852407603869968966e+01 8.112900000000000000e+04
2.877567300468570721e+01 8.244100000000000000e+04
2.902733523039245256e+01 8.394900000000000000e+04
2.927861073083739996e+01 8.512300000000000000e+04
2.953003196193969160e+01 8.692900000000000000e+04
2.978106336846375157e+01 8.778900000000000000e+04
3.003148440777084716e+01 8.962300000000000000e+04
3.028303386126418673e+01 9.134100000000000000e+04
3.053456493440382857e+01 9.284500000000000000e+04
3.078585183944906944e+01 9.408700000000000000e+04
3.103757946070165730e+01 9.633300000000000000e+04
3.128931656795834826e+01 9.724900000000000000e+04
3.154125974608096428e+01 9.950100000000000000e+04
3.179158626791808828e+01 9.928300000000000000e+04
3.204196438636942190e+01 1.025370000000000000e+05
3.229345624690945016e+01 1.034770000000000000e+05
3.254491795349546379e+01 1.057510000000000000e+05
3.279661199584414533e+01 1.068690000000000000e+05
3.304781054557115993e+01 1.086970000000000000e+05
3.329958828032162188e+01 1.105770000000000000e+05
3.355183723684311303e+01 1.125550000000000000e+05
3.380253855881218072e+01 1.125930000000000000e+05
3.405313147025059095e+01 1.155730000000000000e+05
3.430479305560803738e+01 1.172830000000000000e+05
3.455623390824965924e+01 1.185810000000000000e+05
3.480735498195039668e+01 1.206250000000000000e+05
3.505856438430107858e+01 1.219350000000000000e+05
3.531001549359893943e+01 1.244410000000000000e+05
3.556133107357548084e+01 1.255170000000000000e+05
3.581233698845250757e+01 1.273570000000000000e+05
3.606382608666838507e+01 1.298950000000000000e+05
3.631533331237931606e+01 1.307010000000000000e+05
3.656697642527945646e+01 1.339210000000000000e+05
3.681852327087045751e+01 1.341870000000000000e+05
3.706973766105884494e+01 1.371250000000000000e+05
3.732129678941971207e+01 1.384570000000000000e+05
3.757306314229551703e+01 1.409370000000000000e+05
3.782389924159279104e+01 1.413670000000000000e+05
3.807464007418068519e+01 1.443810000000000000e+05
3.832565302212735503e+01 1.455490000000000000e+05
3.857740378043642693e+01 1.491390000000000000e+05
3.882942253427300017e+01 1.496410000000000000e+05
3.908032307380011616e+01 1.518250000000000000e+05
3.933129330145365543e+01 1.534530000000000000e+05
3.958227876786669697e+01 1.558870000000000000e+05
3.983382520768443413e+01 1.581210000000000000e+05
4.008544842975349098e+01 1.598410000000000000e+05
4.033619301340542052e+01 1.611750000000000000e+05
4.058776599344974301e+01 1.646770000000000000e+05
4.083970221749189022e+01 1.660570000000000000e+05
4.109095921749577940e+01 1.677030000000000000e+05
4.134236727584069371e+01 1.702690000000000000e+05
4.159390229570379915e+01 1.722570000000000000e+05
4.184507899773220174e+01 1.736530000000000000e+05
4.209613747244114279e+01 1.766190000000000000e+05
4.234722818606434913e+01 1.775650000000000000e+05
4.259857332263157303e+01 1.812850000000000000e+05
4.285027109763341713e+01 1.825470000000000000e+05
4.310176195204312677e+01 1.849930000000000000e+05
4.335299280752174411e+01 1.867770000000000000e+05
4.360432095771267313e+01 1.890730000000000000e+05
4.385558663826572712e+01 1.914910000000000000e+05
4.410724528235365938e+01 1.938450000000000000e+05
4.435852190379520010e+01 1.951810000000000000e+05
4.460901713855037087e+01 1.973190000000000000e+05
4.486008510459071630e+01 2.002330000000000000e+05
4.511170295299168487e+01 2.030370000000000000e+05
4.536358210673532199e+01 2.048710000000000000e+05
4.561456198601624124e+01 2.062210000000000000e+05
4.586556721283918137e+01 2.095290000000000000e+05
4.611769651966599781e+01 2.125450000000000000e+05
4.636915627004315610e+01 2.132070000000000000e+05
4.662034887549072693e+01 2.165770000000000000e+05
4.687172305024841279e+01 2.181930000000000000e+05
4.712349745478636009e+01 2.221510000000000000e+05
4.737470617006108142e+01 2.216410000000000000e+05
4.762538569197067062e+01 2.261730000000000000e+05
4.787648835337603259e+01 2.269810000000000000e+05
4.812806309416585293e+01 2.319030000000000000e+05
4.837947377766823820e+01 2.314930000000000000e+05
4.863055608299239907e+01 2.360410000000000000e+05
4.888199020684587026e+01 2.372310000000000000e+05
4.913362466485948232e+01 2.409250000000000000e+05
4.938531946307731602e+01 2.427690000000000000e+05
4.963608988707425596e+01 2.437570000000000000e+05
4.988699356578750610e+01 2.479830000000000000e+05
5.013861839733769443e+01 2.502730000000000000e+05
5.038999807568713862e+01 2.523730000000000000e+05
5.064128572509015669e+01 2.554470000000000000e+05
5.089265153888026560e+01 2.570890000000000000e+05
5.114416620234485578e+01 2.612370000000000000e+05
5.139546355734375993e+01 2.616670000000000000e+05
5.164701680266333028e+01 2.668890000000000000e+05
5.189862905495089507e+01 2.670490000000000000e+05
5.214967308047777550e+01 2.705770000000000000e+05
5.240069291691047226e+01 2.726430000000000000e+05
5.265205790651547346e+01 2.762050000000000000e+05
5.290347041453212995e+01 2.781690000000000000e+05
5.315461969811498477e+01 2.808190000000000000e+05
5.340579219818222612e+01 2.836290000000000000e+05
5.365762065089100474e+01 2.877370000000000000e+05
5.390923473668377852e+01 2.882290000000000000e+05
5.416006359979510876e+01 2.915190000000000000e+05
5.441130437191114311e+01 2.946970000000000000e+05
5.466262745830391623e+01 2.968170000000000000e+05
5.491405993929731011e+01 3.007390000000000000e+05
5.516541491717607215e+01 3.019210000000000000e+05
5.541638268596229011e+01 3.054570000000000000e+05
5.566794564877197615e+01 3.088390000000000000e+05
5.591937805757883950e+01 3.106410000000000000e+05
5.617071533636728020e+01 3.144850000000000000e+05
5.642219117939477258e+01 3.161130000000000000e+05
5.667351334189861944e+01 3.202750000000000000e+05
5.692472708748548627e+01 3.211090000000000000e+05
5.717591204656960002e+01 3.261210000000000000e+05
5.742747687291149106e+01 3.277270000000000000e+05
5.767908487077198032e+01 3.318210000000000000e+05
5.793014671413330063e+01 3.324970000000000000e+05
5.818129395888691135e+01 3.373530000000000000e+05
5.843277276607519610e+01 3.395590000000000000e+05
5.868441457608106049e+01 3.433090000000000000e+05
5.893571635795849062e+01 3.447570000000000000e+05
5.918679860974395979e+01 3.487030000000000000e+05
5.943824578411374659e+01 3.512610000000000000e+05
5.968934443052460637e+01 3.540610000000000000e+05
5.994009881519919958e+01 3.561150000000000000e+05
6.019143008204730450e+01 3.616690000000000000e+05
6.044303967578304793e+01 3.628930000000000000e+05
6.069446539940648933e+01 3.671010000000000000e+05
6.094594283876522667e+01 3.694390000000000000e+05
6.119752142863568878e+01 3.732570000000000000e+05
6.144920707655568037e+01 3.759490000000000000e+05
6.170042875117553649e+01 3.780430000000000000e+05
6.195135852331920745e+01 3.811170000000000000e+05
6.220292279118605450e+01 3.864490000000000000e+05
6.245429299708936099e+01 3.863970000000000000e+05
6.270516484212564734e+01 3.913150000000000000e+05
6.295654789617530156e+01 3.943050000000000000e+05
6.320814180923495940e+01 3.980770000000000000e+05
6.345941573738152641e+01 3.999190000000000000e+05
6.371040057052023542e+01 4.031130000000000000e+05
6.396185745578683424e+01 4.082290000000000000e+05
6.421368546549915379e+01 4.103130000000000000e+05
6.446479073454199238e+01 4.102750000000000000e+05
6.471588673409551973e+01 4.093020000000000000e+05
6.496730834160189261e+01 4.077820000000000000e+05
6.521856319783852030e+01 4.058980000000000000e+05
6.546992987326736113e+01 4.043220000000000000e+05
6.572120553073852989e+01 4.026280000000000000e+05
6.597232322532917692e+01 3.997920000000000000e+05
6.622368994537650622e+01 4.002640000000000000e+05
6.647513103932683975e+01 3.963360000000000000e+05
6.672672959741110787e+01 3.969640000000000000e+05
6.697798244417811020e+01 3.918340000000000000e+05
6.722885542524284119e+01 3.917040000000000000e+05
6.748048616955249202e+01 3.907360000000000000e+05
6.773229923195737001e+01 3.882660000000000000e+05
6.798322572139460362e+01 3.839200000000000000e+05
6.823447173775937813e+01 3.856120000000000000e+05
6.848606896751729778e+01 3.807900000000000000e+05
6.873741544680683546e+01 3.809500000000000000e+05
6.898873787744179253e+01 3.765360000000000000e+05
6.923979673744193519e+01 3.758500000000000000e+05
6.949145441276264989e+01 3.745800000000000000e+05
6.974265210301840057e+01 3.697240000000000000e+05
6.999344031108012132e+01 3.694540000000000000e+05
7.024493114765583357e+01 3.672900000000000000e+05
7.049642464225027538e+01 3.649120000000000000e+05
7.074774315836204153e+01 3.627360000000000000e+05
7.099906993548422918e+01 3.599260000000000000e+05
7.125054486425644029e+01 3.591180000000000000e+05
7.150182990423201090e+01 3.543400000000000000e+05
7.175309169194970593e+01 3.547300000000000000e+05
7.200430886966613286e+01 3.494820000000000000e+05
7.225563655627148307e+01 3.499900000000000000e+05
7.250698057097335436e+01 3.451500000000000000e+05
7.275814540940223196e+01 3.441700000000000000e+05
7.300954011634642882e+01 3.414340000000000000e+05
7.326094744803241099e+01 3.388500000000000000e+05
7.351241635922633577e+01 3.366040000000000000e+05
7.376385704484314942e+01 3.339600000000000000e+05
7.401507686011912313e+01 3.307600000000000000e+05
7.426642983754513239e+01 3.291900000000000000e+05
7.451774392350500875e+01 3.253720000000000000e+05
7.476888196695857403e+01 3.236140000000000000e+05
7.502031254291918572e+01 3.208740000000000000e+05
7.527179980263341008e+01 3.180760000000000000e+05
7.552311252549999665e+01 3.153660000000000000e+05
7.577409780062980360e+01 3.116620000000000000e+05
7.602551875404107307e+01 3.110280000000000000e+05
7.627713348914349467e+01 3.064960000000000000e+05
7.652808863434110265e+01 3.036940000000000000e+05
7.677928937816385258e+01 3.019080000000000000e+05
7.703080422988723797e+01 2.981560000000000000e+05
7.728259641407451852e+01 2.972040000000000000e+05
7.753362846048165125e+01 2.903800000000000000e+05
7.778433144503740948e+01 2.906340000000000000e+05
7.803587445609785789e+01 2.865940000000000000e+05
7.828752478929132508e+01 2.843980000000000000e+05
7.853900368295268208e+01 2.808840000000000000e+05
7.879021312407734001e+01 2.772460000000000000e+05
7.904165509986182769e+01 2.754660000000000000e+05
7.929330413459700821e+01 2.715280000000000000e+05
7.954446877222407863e+01 2.680480000000000000e+05
7.979551714753698377e+01 2.654580000000000000e+05
8.004692165377868207e+01 2.618920000000000000e+05
8.029810489950233432e+01 2.591340000000000000e+05
8.054908874480256031e+01 2.549260000000000000e+05
8.080044321541014085e+01 2.533140000000000000e+05
8.105216211323228492e+01 2.493460000000000000e+05
8.130349433109076074e+01 2.456800000000000000e+05
8.155444015076058406e+01 2.424420000000000000e+05
8.180579598042007206e+01 2.393860000000000000e+05
8.205747345046690100e+01 2.365440000000000000e+05
8.230895288137371324e+01 2.322940000000000000e+05
8.256017853616197044e+01 2.290440000000000000e+05
8.281171136842024794e+01 2.263000000000000000e+05
8.306338874103768433e+01 2.219380000000000000e+05
8.331416972271263433e+01 2.182620000000000000e+05
8.356490365514949303e+01 2.145940000000000000e+05
8.381669207113579034e+01 2.128920000000000000e+05
8.406812178552961257e+01 2.071900000000000000e+05
8.431890933464019611e+01 2.043540000000000000e+05
8.457023187027826339e+01 2.012320000000000000e+05
8.482151559398789686e+01 1.966000000000000000e+05
8.507283003168710422e+01 1.942380000000000000e+05
8.532426808165841692e+01 1.895260000000000000e+05
8.557600476924378086e+01 1.868280000000000000e+05
8.582757594343893004e+01 1.822960000000000000e+05
8.607831587296919906e+01 1.777480000000000000e+05
8.632961333877408094e+01 1.758060000000000000e+05
8.658121923681562748e+01 1.704700000000000000e+05
8.683268673150530503e+01 1.676460000000000000e+05
8.708396519721972595e+01 1.631200000000000000e+05
8.733506961066505880e+01 1.589820000000000000e+05
8.758618105842411694e+01 1.558780000000000000e+05
8.783752567351578477e+01 1.510300000000000000e+05
8.808868914679788986e+01 1.479480000000000000e+05
8.833994003395393690e+01 1.432480000000000000e+05
8.859174898584991809e+01 1.401240000000000000e+05
8.884303273375222432e+01 1.352020000000000000e+05
8.909352487970716084e+01 1.306620000000000000e+05
8.934511690540148265e+01 1.285780000000000000e+05
8.959715158813172309e+01 1.225660000000000000e+05
8.984803368908821142e+01 1.193040000000000000e+05
9.009924288814356430e+01 1.147000000000000000e+05
9.035039732041329330e+01 1.105920000000000000e+05
9.060151066709157419e+01 1.065100000000000000e+05
9.085215645777752513e+01 1.017160000000000000e+05
9.110358912880106175e+01 9.871500000000000000e+04
9.135593221689693166e+01 9.461500000000000000e+04
9.160680049007517312e+01 9.051300000000000000e+04
9.185814296072571494e+01 8.835100000000000000e+04
9.211014914083067140e+01 8.455500000000000000e+04
9.236133039430572467e+01 8.170900000000000000e+04
9.261226961967061300e+01 7.872400000000000000e+04
9.286339612223196127e+01 7.623300000000000000e+04
9.311503395193372512e+01 7.356100000000000000e+04
9.336621751977830286e+01 7.083000000000000000e+04
9.361677474844866254e+01 6.823000000000000000e+04
9.386828402731896404e+01 6.649800000000000000e+04
9.412013166396859276e+01 6.358600000000000000e+04
9.437159577797395116e+01 6.177400000000000000e+04
9.462215507964623384e+01 5.879400000000000000e+04
9.487303142853234306e+01 5.754700000000000000e+04
9.512563612801736213e+01 5.535000000000000000e+04
9.537712370347337298e+01 5.302300000000000000e+04
9.562770329733204733e+01 5.109900000000000000e+04
9.587952553542562839e+01 4.955500000000000000e+04
9.613214193709879396e+01 4.765900000000000000e+04
9.638292294616348954e+01 4.529100000000000000e+04
9.663323205539920480e+01 4.399900000000000000e+04
9.688575427051634392e+01 4.248300000000000000e+04
9.713720230214802598e+01 4.032700000000000000e+04
9.738711075112470894e+01 3.882700000000000000e+04
9.763880850310884796e+01 3.768300000000000000e+04
9.789195925073893534e+01 3.605500000000000000e+04
9.814276473823834124e+01 3.409800000000000000e+04
9.839200152577470249e+01 3.277900000000000000e+04
9.864436939619000100e+01 3.199200000000000000e+04
9.889657229158518703e+01 2.995900000000000000e+04
9.914654206758739008e+01 2.882800000000000000e+04
9.939737265117041431e+01 2.761500000000000000e+04
9.964971324453516388e+01 2.648800000000000000e+04
9.990221505033474614e+01 2.520300000000000000e+04
1.001521516083068519e+02 2.365600000000000000e+04
1.004020181344354228e+02 2.288700000000000000e+04
1.006555261342845853e+02 2.195200000000000000e+04
1.009078779715744503e+02 2.050000000000000000e+04
1.011564847190979037e+02 1.932300000000000000e+04
1.014077980390921851e+02 1.881400000000000000e+04
1.016621206036857075e+02 1.768800000000000000e+04
1.019133439536030323e+02 1.650400000000000000e+04
1.021611090492770160e+02 1.544400000000000000e+04
1.024134287982906386e+02 1.515100000000000000e+04
1.026689526987222933e+02 1.403200000000000000e+04
1.029179005362147450e+02 1.279200000000000000e+04
1.031645010122565509e+02 1.225600000000000000e+04
1.034190198448752227e+02 1.184400000000000000e+04
1.036740078018821123e+02 1.078000000000000000e+04
1.039223728592707516e+02 9.868000000000000000e+03
1.041718863957155321e+02 9.486000000000000000e+03
1.044269799004653407e+02 8.824000000000000000e+03
1.046773133673284093e+02 7.896000000000000000e+03
1.049203418007823814e+02 7.228000000000000000e+03
1.051759012379430231e+02 7.332000000000000000e+03
1.054364230283171651e+02 6.292000000000000000e+03
1.056811914497119176e+02 5.524000000000000000e+03
1.059215804876414495e+02 5.172000000000000000e+03
1.061816384917722758e+02 5.188000000000000000e+03
1.064472113030423515e+02 4.386000000000000000e+03
1.066878058983536732e+02 3.520000000000000000e+03
1.069236360402103827e+02 3.516000000000000000e+03
1.071892705778195563e+02 3.388000000000000000e+03
1.074586772409291342e+02 2.800000000000000000e+03
1.076879342587935611e+02 1.932000000000000000e+03
1.079185870885384446e+02 2.236000000000000000e+03
1.081956775747713095e+02 2.013000000000000000e+03
1.084728105259587352e+02 1.576000000000000000e+03
1.086839161354765366e+02 8.460000000000000000e+02
1.089114578639759117e+02 1.228000000000000000e+03
1.091979138747751392e+02 9.640000000000000000e+02
1.094826115122194068e+02 7.170000000000000000e+02
1.096995281563482934e+02 3.040000000000000000e+02
1.099149327348783771e+02 4.440000000000000000e+02
1.102017255337961075e+02 2.920000000000000000e+02
1.104879737748566555e+02 1.720000000000000000e+02
1.107157115274964241e+02 5.100000000000000000e+01
1.109132792987308136e+02 5.200000000000000000e+01
1.111862324688471801e+02 1.200000000000000000e+01
1.114398329385503388e+02 1.000000000000000000e+00
